# Data file: ifgramStack.h5
# Mask file: waterMask.h5
# AOI box: (0, 0, 2693, 4239)
# Threshold: None
#	DATE12		Mean	Btemp/days	Bperp/m		Num
20200109_20200121	0.7928	      12	   -30.8	0
20200109_20200202	0.6944	      24	   -52.9	1
20200109_20200214	0.6826	      36	   -84.3	2
20200109_20200226	0.7262	      48	   -30.7	3
20200121_20200202	0.7583	      12	   -22.1	4
20200121_20200214	0.7138	      24	   -53.5	5
20200121_20200226	0.7675	      36	     0.1	6
20200121_20200309	0.6586	      48	   -57.3	7
20200202_20200214	0.7657	      12	   -31.4	8
20200202_20200226	0.7198	      24	    22.2	9
20200202_20200309	0.6729	      36	   -35.2	10
20200202_20200321	0.6361	      48	   -43.1	11
20200214_20200226	0.7850	      12	    53.6	12
20200214_20200309	0.8262	      24	    -3.8	13
20200214_20200321	0.7765	      36	   -11.7	14
20200214_20200402	0.7175	      48	   -15.4	15
20200226_20200309	0.8001	      12	   -57.4	16
20200226_20200321	0.7400	      24	   -65.2	17
20200226_20200402	0.6764	      36	   -69.0	18
20200226_20200414	0.6040	      48	   -90.5	19
20200226_20210220	0.4338	     360	   -17.0	20
20200309_20200321	0.8509	      12	    -7.8	21
20200309_20200402	0.7743	      24	   -11.6	22
20200309_20200414	0.6920	      36	   -33.1	23
20200309_20200426	0.3255	      48	   -40.3	24
20200321_20200402	0.8530	      12	    -3.7	25
20200321_20200414	0.7472	      24	   -25.2	26
20200321_20200426	0.3367	      36	   -32.5	27
20200321_20200508	0.5225	      48	    66.5	28
20200402_20200414	0.8075	      12	   -21.5	29
20200402_20200426	0.3515	      24	   -28.8	30
20200402_20200508	0.5652	      36	    70.3	31
20200402_20200520	0.4911	      48	    69.4	32
20200414_20200426	0.3782	      12	    -7.3	33
20200414_20200508	0.5689	      24	    91.8	34
20200414_20200520	0.4999	      36	    90.9	35
20200414_20200601	0.3828	      48	    69.4	36
20200426_20200508	0.3380	      12	    99.0	37
20200426_20200520	0.3429	      24	    98.1	38
20200426_20200601	0.3309	      36	    76.7	39
20200426_20200613	0.3207	      48	    43.7	40
20200508_20200520	0.7175	      12	    -0.9	41
20200508_20200601	0.4919	      24	   -22.4	42
20200508_20200613	0.5159	      36	   -55.3	43
20200508_20200625	0.4903	      48	   -36.4	44
20200520_20200601	0.6082	      12	   -21.5	45
20200520_20200613	0.5981	      24	   -54.4	46
20200520_20200625	0.5739	      36	   -35.5	47
20200520_20200707	0.4464	      48	    41.7	48
20200601_20200613	0.5825	      12	   -33.0	49
20200601_20200625	0.5478	      24	   -14.0	50
20200601_20200707	0.4113	      36	    63.2	51
20200601_20200719	0.3891	      48	    -4.3	52
20200613_20200625	0.6921	      12	    18.9	53
20200613_20200707	0.5031	      24	    96.2	54
20200613_20200719	0.4618	      36	    28.6	55
20200625_20200707	0.5638	      12	    77.2	56
20200625_20200719	0.4989	      24	     9.7	57
20200625_20200812	0.4790	      48	   -99.2	58
20200707_20200719	0.5948	      12	   -67.6	59
20200707_20200812	0.5270	      36	  -176.4	60
20200707_20200824	0.5003	      48	  -155.1	61
20200707_20220615	0.3886	     708	     1.4	62
20200719_20200812	0.5636	      24	  -108.9	63
20200719_20200824	0.4900	      36	   -87.6	64
20200719_20200905	0.6073	      48	    -2.6	65
20200812_20200824	0.6983	      12	    21.3	66
20200812_20200905	0.5992	      24	   106.2	67
20200812_20200917	0.5666	      36	   160.5	68
20200812_20200929	0.5239	      48	   107.4	69
20200824_20200905	0.5766	      12	    84.9	70
20200824_20200917	0.6540	      24	   139.2	71
20200824_20200929	0.6612	      36	    86.1	72
20200824_20201011	0.6064	      48	   -44.6	73
20200905_20200917	0.6163	      12	    54.3	74
20200905_20200929	0.5759	      24	     1.2	75
20200905_20201011	0.4296	      36	  -129.4	76
20200905_20201023	0.5132	      48	   -57.0	77
20200917_20200929	0.7204	      12	   -53.1	78
20200917_20201011	0.5360	      24	  -183.7	79
20200917_20201023	0.6048	      36	  -111.3	80
20200917_20201104	0.5211	      48	   -52.5	81
20200929_20201011	0.6850	      12	  -130.6	82
20200929_20201023	0.6925	      24	   -58.2	83
20200929_20201104	0.6496	      36	     0.6	84
20200929_20201116	0.5853	      48	     9.2	85
20201011_20201023	0.6871	      12	    72.5	86
20201011_20201104	0.6490	      24	   131.3	87
20201011_20201116	0.5890	      36	   139.9	88
20201011_20201128	0.4608	      48	   243.5	89
20201023_20201104	0.6474	      12	    58.8	90
20201023_20201116	0.5763	      24	    67.4	91
20201023_20201128	0.4951	      36	   171.1	92
20201023_20201210	0.5049	      48	    59.5	93
20201104_20201116	0.8532	      12	     8.6	94
20201104_20201128	0.6117	      24	   112.3	95
20201104_20201210	0.7215	      36	     0.7	96
20201104_20201222	0.6497	      48	   -13.7	97
20201116_20201128	0.6724	      12	   103.6	98
20201116_20201210	0.8103	      24	    -7.9	99
20201116_20201222	0.7283	      36	   -22.3	100
20201116_20210103	0.6917	      48	   -18.0	101
20201128_20201210	0.6844	      12	  -111.5	102
20201128_20201222	0.6151	      24	  -126.0	103
20201128_20210103	0.5716	      36	  -121.6	104
20201128_20210115	0.5877	      48	  -102.8	105
20201128_20211123	0.3216	     360	  -151.8	106
20201210_20201222	0.8635	      12	   -14.4	107
20201210_20210103	0.7953	      24	   -10.1	108
20201210_20210115	0.7893	      36	     8.8	109
20201210_20210127	0.7168	      48	    36.1	110
20201222_20210103	0.8822	      12	     4.4	111
20201222_20210115	0.8281	      24	    23.2	112
20201222_20210127	0.7394	      36	    50.6	113
20201222_20210208	0.7275	      48	    31.2	114
20210103_20210115	0.8588	      12	    18.8	115
20210103_20210127	0.7711	      24	    46.2	116
20210103_20210208	0.7532	      36	    26.9	117
20210103_20210220	0.6479	      48	    18.5	118
20210115_20210127	0.8274	      12	    27.4	119
20210115_20210208	0.8497	      24	     8.0	120
20210115_20210220	0.7297	      36	    -0.3	121
20210115_20210304	0.7584	      48	    17.9	122
20210127_20210208	0.8391	      12	   -19.4	123
20210127_20210220	0.7290	      24	   -27.7	124
20210127_20210304	0.7942	      36	    -9.5	125
20210127_20210316	0.7620	      48	    -4.9	126
20210127_20220203	0.4328	     372	    58.5	127
20210208_20210220	0.8045	      12	    -8.3	128
20210208_20210304	0.8128	      24	     9.9	129
20210208_20210316	0.7518	      36	    14.4	130
20210208_20210328	0.7588	      48	    -6.3	131
20210220_20210304	0.7413	      12	    18.2	132
20210220_20210316	0.7216	      24	    22.8	133
20210220_20210328	0.6813	      36	     2.1	134
20210220_20210409	0.5752	      48	   -72.3	135
20210304_20210316	0.8407	      12	     4.5	136
20210304_20210328	0.7944	      24	   -16.1	137
20210304_20210409	0.6760	      36	   -90.5	138
20210304_20210421	0.6585	      48	   -75.3	139
20210316_20210328	0.7886	      12	   -20.7	140
20210316_20210409	0.6737	      24	   -95.1	141
20210316_20210421	0.6393	      36	   -79.8	142
20210316_20210503	0.6345	      48	    16.9	143
20210328_20210409	0.7839	      12	   -74.4	144
20210328_20210421	0.7692	      24	   -59.1	145
20210328_20210503	0.6022	      36	    37.5	146
20210328_20210515	0.6205	      48	    -1.4	147
20210409_20210421	0.8467	      12	    15.2	148
20210409_20210503	0.5943	      24	   111.9	149
20210409_20210515	0.5892	      36	    72.9	150
20210409_20210527	0.5222	      48	    66.3	151
20210421_20210503	0.6327	      12	    96.7	152
20210421_20210515	0.6075	      24	    57.7	153
20210421_20210527	0.5345	      36	    51.1	154
20210421_20210608	0.4022	      48	    26.5	155
20210503_20210515	0.6801	      12	   -39.0	156
20210503_20210527	0.6106	      24	   -45.6	157
20210503_20210608	0.4826	      36	   -70.2	158
20210503_20210620	0.4857	      48	   -90.2	159
20210515_20210527	0.7343	      12	    -6.6	160
20210515_20210608	0.5116	      24	   -31.2	161
20210515_20210620	0.5349	      36	   -51.1	162
20210515_20210702	0.4616	      48	   -55.0	163
20210527_20210608	0.5938	      12	   -24.6	164
20210527_20210620	0.6089	      24	   -44.5	165
20210527_20210702	0.5306	      36	   -48.4	166
20210527_20210714	0.5801	      48	   -31.3	167
20210608_20210620	0.6678	      12	   -19.9	168
20210608_20210702	0.6373	      24	   -23.8	169
20210608_20210714	0.5673	      36	    -6.7	170
20210608_20210726	0.5141	      48	    91.1	171
20210620_20210702	0.7226	      12	    -3.9	172
20210620_20210714	0.6815	      24	    13.2	173
20210620_20210726	0.4968	      36	   111.0	174
20210620_20210807	0.5290	      48	    53.4	175
20210702_20210714	0.6851	      12	    17.1	176
20210702_20210726	0.5462	      24	   115.0	177
20210702_20210807	0.5228	      36	    57.4	178
20210702_20210819	0.6046	      48	    36.1	179
20210714_20210726	0.5118	      12	    97.9	180
20210714_20210807	0.6700	      24	    40.3	181
20210714_20210819	0.6509	      36	    19.0	182
20210714_20210831	0.5577	      48	   -37.1	183
20210726_20210807	0.5201	      12	   -57.6	184
20210726_20210819	0.5623	      24	   -78.9	185
20210726_20210831	0.5414	      36	  -135.0	186
20210726_20210912	0.4785	      48	  -139.8	187
20210807_20210819	0.6921	      12	   -21.3	188
20210807_20210831	0.5327	      24	   -77.4	189
20210807_20210912	0.5560	      36	   -82.2	190
20210807_20210924	0.6764	      48	   -19.0	191
20210819_20210831	0.6842	      12	   -56.2	192
20210819_20210912	0.6821	      24	   -60.9	193
20210819_20210924	0.6823	      36	     2.3	194
20210819_20211006	0.5469	      48	    63.4	195
20210831_20210912	0.7404	      12	    -4.8	196
20210831_20210924	0.5839	      24	    58.4	197
20210831_20211006	0.4782	      36	   119.6	198
20210831_20211018	0.4953	      48	    63.2	199
20210912_20210924	0.6851	      12	    63.2	200
20210912_20211006	0.5531	      24	   124.3	201
20210912_20211018	0.5819	      36	    68.0	202
20210912_20211030	0.5638	      48	    21.7	203
20210924_20211006	0.7199	      12	    61.1	204
20210924_20211018	0.7545	      24	     4.8	205
20210924_20211030	0.6276	      36	   -41.5	206
20210924_20211111	0.5454	      48	   -45.7	207
20211006_20211018	0.7621	      12	   -56.4	208
20211006_20211030	0.6473	      24	  -102.7	209
20211006_20211111	0.5854	      36	  -106.9	210
20211006_20211123	0.3450	      48	   -93.8	211
20211018_20211030	0.7543	      12	   -46.3	212
20211018_20211111	0.6641	      24	   -50.5	213
20211018_20211123	0.3799	      36	   -37.4	214
20211018_20211205	0.5668	      48	    14.7	215
20211030_20211111	0.8341	      12	    -4.2	216
20211030_20211123	0.4179	      24	     8.9	217
20211030_20211205	0.5715	      36	    61.1	218
20211030_20211217	0.5466	      48	    81.3	219
20211111_20211123	0.4287	      12	    13.1	220
20211111_20211205	0.6055	      24	    65.2	221
20211111_20211217	0.6003	      36	    85.5	222
20211111_20211229	0.5359	      48	   121.9	223
20211123_20211205	0.4371	      12	    52.2	224
20211123_20211217	0.3682	      24	    72.4	225
20211123_20211229	0.3409	      36	   108.8	226
20211123_20220110	0.3695	      48	    -4.0	227
20211205_20211217	0.7275	      12	    20.2	228
20211205_20211229	0.5759	      24	    56.6	229
20211205_20220110	0.5455	      36	   -56.1	230
20211205_20220122	0.5485	      48	    13.7	231
20211217_20211229	0.7317	      12	    36.4	232
20211217_20220110	0.6501	      24	   -76.3	233
20211217_20220122	0.6578	      36	    -6.5	234
20211217_20220203	0.5210	      48	    62.5	235
20211229_20220110	0.7221	      12	  -112.7	236
20211229_20220122	0.7040	      24	   -42.9	237
20211229_20220203	0.6490	      36	    26.1	238
20211229_20220215	0.6165	      48	   -58.3	239
20220110_20220122	0.7457	      12	    69.8	240
20220110_20220203	0.5922	      24	   138.9	241
20220110_20220215	0.6753	      36	    54.5	242
20220110_20220227	0.6745	      48	    35.9	243
20220122_20220203	0.7584	      12	    69.0	244
20220122_20220215	0.7397	      24	   -15.3	245
20220122_20220227	0.6671	      36	   -33.9	246
20220122_20220311	0.6052	      48	   -60.6	247
20220203_20220215	0.6749	      12	   -84.4	248
20220203_20220227	0.5962	      24	  -102.9	249
20220203_20220311	0.5251	      36	  -129.6	250
20220203_20220323	0.4613	      48	  -205.9	251
20220203_20230222	0.4087	     384	    46.5	252
20220215_20220227	0.8143	      12	   -18.5	253
20220215_20220311	0.6751	      24	   -45.3	254
20220215_20220323	0.5512	      36	  -121.5	255
20220215_20220404	0.2625	      48	   -63.4	256
20220227_20220311	0.7528	      12	   -26.7	257
20220227_20220323	0.6028	      24	  -102.9	258
20220227_20220404	0.2677	      36	   -44.8	259
20220227_20220416	0.4715	      48	   -18.2	260
20220311_20220323	0.7155	      12	   -76.3	261
20220311_20220404	0.2733	      24	   -18.1	262
20220311_20220416	0.4663	      36	     8.5	263
20220311_20220428	0.4938	      48	   -43.1	264
20220323_20220404	0.2770	      12	    58.1	265
20220323_20220416	0.5040	      24	    84.7	266
20220323_20220428	0.5877	      36	    33.1	267
20220323_20220510	0.5004	      48	    89.5	268
20220404_20220416	0.3071	      12	    26.6	269
20220404_20220428	0.2873	      24	   -25.0	270
20220404_20220510	0.2763	      36	    31.3	271
20220404_20220522	0.2891	      48	    48.8	272
20220416_20220428	0.6703	      12	   -51.6	273
20220416_20220510	0.6277	      24	     4.8	274
20220416_20220522	0.5018	      36	    22.2	275
20220416_20220603	0.4908	      48	   -78.8	276
20220428_20220510	0.6989	      12	    56.4	277
20220428_20220522	0.5165	      24	    73.8	278
20220428_20220603	0.5984	      36	   -27.2	279
20220428_20220615	0.3526	      48	   147.1	280
20220510_20220522	0.5877	      12	    17.5	281
20220510_20220603	0.5983	      24	   -83.6	282
20220510_20220615	0.3825	      36	    90.8	283
20220510_20220627	0.5248	      48	   -20.7	284
20220522_20220603	0.5917	      12	  -101.1	285
20220522_20220615	0.5098	      24	    73.3	286
20220522_20220627	0.5775	      36	   -38.2	287
20220522_20220709	0.4237	      48	   -87.4	288
20220603_20220615	0.4505	      12	   174.4	289
20220603_20220627	0.6197	      24	    62.9	290
20220603_20220709	0.5775	      36	    13.7	291
20220603_20220721	0.5656	      48	    23.4	292
20220615_20220627	0.5105	      12	  -111.5	293
20220615_20220709	0.3928	      24	  -160.7	294
20220615_20220721	0.4145	      36	  -151.0	295
20220615_20220802	0.4390	      48	  -136.7	296
20220627_20220709	0.6520	      12	   -49.2	297
20220627_20220721	0.6451	      24	   -39.5	298
20220627_20220802	0.6546	      36	   -25.2	299
20220627_20220814	0.5461	      48	    24.4	300
20220709_20220721	0.7214	      12	     9.7	301
20220709_20220802	0.6175	      24	    24.0	302
20220709_20220814	0.5899	      36	    73.7	303
20220709_20220826	0.5028	      48	   117.3	304
20220721_20220802	0.7784	      12	    14.3	305
20220721_20220814	0.6456	      24	    64.0	306
20220721_20220826	0.5708	      36	   107.7	307
20220721_20220907	0.4513	      48	  -101.0	308
20220802_20220814	0.6781	      12	    49.7	309
20220802_20220826	0.6124	      24	    93.4	310
20220802_20220907	0.4931	      36	  -115.3	311
20220802_20220919	0.5615	      48	   125.4	312
20220814_20220826	0.7235	      12	    43.7	313
20220814_20220907	0.4331	      24	  -165.0	314
20220814_20220919	0.5963	      36	    75.8	315
20220814_20221001	0.5527	      48	   -95.2	316
20220814_20230809	0.3445	     360	   188.1	317
20220826_20220907	0.4664	      12	  -208.6	318
20220826_20220919	0.6757	      24	    32.1	319
20220826_20221001	0.5649	      36	  -138.9	320
20220826_20221013	0.5988	      48	    49.5	321
20220826_20230821	0.3982	     360	    28.9	322
20220907_20220919	0.4686	      12	   240.7	323
20220907_20221001	0.5288	      24	    69.8	324
20220907_20221013	0.4288	      36	   258.2	325
20220907_20221025	0.4371	      48	   202.6	326
20220919_20221001	0.6541	      12	  -170.9	327
20220919_20221013	0.7306	      24	    17.5	328
20220919_20221025	0.6558	      36	   -38.1	329
20220919_20221106	0.5808	      48	    18.7	330
20221001_20221013	0.6763	      12	   188.4	331
20221001_20221025	0.6126	      24	   132.8	332
20221001_20221106	0.5105	      36	   189.6	333
20221001_20221118	0.5211	      48	    73.2	334
20221013_20221025	0.7378	      12	   -55.6	335
20221013_20221106	0.6609	      24	     1.2	336
20221013_20221118	0.5111	      36	  -115.2	337
20221013_20221130	0.4895	      48	  -101.0	338
20221025_20221106	0.6701	      12	    56.8	339
20221025_20221118	0.5663	      24	   -59.6	340
20221025_20221130	0.5370	      36	   -45.4	341
20221106_20221118	0.7353	      12	  -116.4	342
20221106_20221130	0.6782	      24	  -102.2	343
20221106_20221224	0.6584	      48	   -35.3	344
20221106_20231101	0.4424	     360	    23.9	345
20221118_20221130	0.8939	      12	    14.2	346
20221118_20221224	0.7123	      36	    81.1	347
20221130_20230117	0.5624	      48	   201.5	348
20221224_20230105	0.7713	      12	    54.6	349
20221224_20230117	0.6791	      24	   134.6	350
20221224_20230210	0.7911	      48	    -5.9	351
20230105_20230117	0.7553	      12	    80.0	352
20230105_20230129	0.6398	      24	  -169.1	353
20230117_20230129	0.6288	      12	  -249.1	354
20230117_20230210	0.6892	      24	  -140.5	355
20230117_20230222	0.7345	      36	   -34.6	356
20230117_20230306	0.5067	      48	  -187.5	357
20230129_20230318	0.5910	      48	   141.1	358
20230129_20240217	0.4265	     384	    29.1	359
20230210_20230222	0.7091	      12	   105.9	360
20230210_20230306	0.6760	      24	   -47.0	361
20230210_20230318	0.7106	      36	    32.6	362
20230210_20230330	0.7350	      48	    -2.8	363
20230222_20230318	0.6604	      24	   -73.3	364
20230222_20230330	0.6306	      36	  -108.7	365
20230222_20230411	0.5200	      48	  -228.9	366
20230306_20230318	0.6803	      12	    79.6	367
20230306_20230330	0.6854	      24	    44.2	368
20230306_20230411	0.6122	      36	   -76.0	369
20230306_20230423	0.5824	      48	     8.6	370
20230318_20230330	0.7945	      12	   -35.4	371
20230318_20230411	0.6186	      24	  -155.6	372
20230318_20230423	0.5968	      36	   -71.0	373
20230318_20230505	0.4973	      48	  -117.8	374
20230318_20230809	0.3143	     144	   102.3	375
20230318_20230821	0.3283	     156	   -13.2	376
20230330_20230411	0.7018	      12	  -120.2	377
20230330_20230423	0.6509	      24	   -35.6	378
20230330_20230505	0.5530	      36	   -82.4	379
20230330_20230517	0.5409	      48	  -111.5	380
20230411_20230423	0.6969	      12	    84.6	381
20230411_20230505	0.6362	      24	    37.8	382
20230411_20230517	0.6905	      36	     8.6	383
20230411_20230529	0.6273	      48	    -3.5	384
20230423_20230505	0.6612	      12	   -46.8	385
20230423_20230517	0.6368	      24	   -75.9	386
20230423_20230529	0.6216	      36	   -88.1	387
20230423_20230821	0.3362	     120	    57.8	388
20230423_20230902	0.3857	     132	   -42.2	389
20230505_20230517	0.7157	      12	   -29.1	390
20230505_20230529	0.6160	      24	   -41.2	391
20230505_20230926	0.4345	     144	   -56.6	392
20230517_20230529	0.7105	      12	   -12.1	393
20230529_20230902	0.4013	      96	    45.9	394
20230529_20230926	0.4672	     120	   -15.4	395
20230809_20230821	0.6300	      12	  -115.6	396
20230809_20230902	0.5614	      24	  -215.6	397
20230809_20230926	0.4607	      48	  -276.9	398
20230821_20230902	0.6422	      12	  -100.0	399
20230821_20230926	0.4805	      36	  -161.3	400
20230902_20230926	0.6350	      24	   -61.3	401
20230902_20231020	0.5385	      48	   -78.3	402
20230926_20231020	0.7314	      24	   -17.0	403
20230926_20231101	0.5408	      36	   207.0	404
20230926_20231113	0.5446	      48	   115.8	405
20231020_20231101	0.6208	      12	   224.0	406
20231020_20231113	0.6266	      24	   132.8	407
20231101_20231113	0.6804	      12	   -91.2	408
20231101_20231219	0.4884	      48	   -81.8	409
20231113_20231219	0.6843	      36	     9.5	410
20231219_20240124	0.7403	      36	    13.3	411
20231219_20240205	0.7449	      48	     3.9	412
20240124_20240205	0.8659	      12	    -9.4	413
20240124_20240217	0.6354	      24	   -76.2	414
20240124_20240312	0.6352	      48	   -83.3	415
20240205_20240217	0.7098	      12	   -66.8	416
20240205_20240312	0.6699	      36	   -74.0	417
20240205_20240324	0.6366	      48	   -28.3	418
20240217_20240312	0.6942	      24	    -7.1	419
20240217_20240324	0.5629	      36	    38.5	420
20240312_20240324	0.7029	      12	    45.7	421
20240312_20240429	0.5304	      48	    19.9	422
20240324_20240429	0.5649	      36	   -25.8	423
20240324_20241002	0.3057	     192	    75.4	424
20240429_20240827	0.3987	     120	   -47.0	425
20240429_20240908	0.4238	     132	   -23.9	426
20240429_20241002	0.3539	     156	   101.2	427
20240429_20250705	0.3154	     432	   202.8	428
20240827_20240908	0.8316	      12	    23.1	429
20240827_20241002	0.4704	      36	   148.1	430
20240908_20241002	0.5096	      24	   125.0	431
20240908_20250717	0.4012	     312	   181.2	432
20240908_20250909	0.4223	     366	    20.8	433
20241002_20250804	0.3856	     306	   -88.5	434
20241002_20251003	0.4546	     366	     4.2	435
20250705_20250717	0.5946	      12	   -45.4	436
20250705_20250723	0.5936	      18	  -117.7	437
20250705_20250804	0.4972	      30	  -188.7	438
20250705_20250816	0.5290	      42	  -215.5	439
20250717_20250723	0.7567	       6	   -72.6	440
20250717_20250804	0.6349	      18	  -143.6	441
20250717_20250816	0.5208	      30	  -170.4	442
20250717_20250828	0.5047	      42	  -173.6	443
20250723_20250804	0.7009	      12	   -70.9	444
20250723_20250816	0.6149	      24	   -97.7	445
20250723_20250828	0.6007	      36	  -100.7	446
20250723_20250909	0.6180	      48	   -86.7	447
20250804_20250816	0.6717	      12	   -26.8	448
20250804_20250828	0.6607	      24	   -29.8	449
20250804_20250909	0.6628	      36	   -15.8	450
20250804_20250921	0.6223	      48	    33.8	451
20250816_20250828	0.7584	      12	    -3.0	452
20250816_20250909	0.7459	      24	    11.0	453
20250816_20250921	0.6499	      36	    60.6	454
20250816_20251003	0.5768	      48	   119.9	455
20250828_20250909	0.7845	      12	    14.0	456
20250828_20250921	0.6913	      24	    63.6	457
20250828_20251003	0.6088	      36	   122.9	458
20250828_20251015	0.5579	      48	    54.9	459
20250909_20250921	0.8196	      12	    49.6	460
20250909_20251003	0.7087	      24	   108.9	461
20250909_20251015	0.6259	      36	    40.8	462
20250909_20251027	0.6221	      48	    -1.3	463
20250921_20251003	0.8194	      12	    59.3	464
20250921_20251015	0.7020	      24	    -8.7	465
20250921_20251027	0.6247	      36	   -50.9	466
20250921_20251108	0.5998	      48	     5.7	467
20251003_20251015	0.7194	      12	   -68.1	468
20251003_20251027	0.6316	      24	  -110.2	469
20251003_20251108	0.5834	      36	   -53.6	470
20251003_20251120	0.4943	      48	  -106.5	471
20251015_20251027	0.7861	      12	   -42.1	472
20251015_20251108	0.6539	      24	    14.5	473
20251015_20251120	0.6449	      36	   -38.5	474
20251027_20251108	0.6373	      12	    56.6	475
20251027_20251120	0.7160	      24	     3.7	476
20251108_20251120	0.6650	      12	   -52.9	477
