# Data file: ifgramStack.h5
# Mask file: waterMask.h5
# AOI box: (0, 0, 2693, 4239)
# Threshold: None
#	DATE12		Mean	Btemp/days	Bperp/m		Num
20200104_20200116	0.8641	      12	    -8.9	0
20200104_20200128	0.6903	      24	    28.2	1
20200104_20200209	0.6895	      36	   118.2	2
20200104_20200221	0.7046	      48	    59.2	3
20200116_20200128	0.6951	      12	    37.1	4
20200116_20200209	0.6857	      24	   127.1	5
20200116_20200221	0.7145	      36	    68.0	6
20200116_20200304	0.7427	      48	    20.9	7
20200128_20200209	0.7399	      12	    89.9	8
20200128_20200221	0.6995	      24	    30.9	9
20200128_20200304	0.6652	      36	   -16.2	10
20200128_20200316	0.6298	      48	   -20.2	11
20200209_20200221	0.7839	      12	   -59.0	12
20200209_20200304	0.6810	      24	  -106.1	13
20200209_20200316	0.6539	      36	  -110.1	14
20200209_20200328	0.5880	      48	  -104.0	15
20200209_20210227	0.4720	     384	   -49.3	16
20200221_20200304	0.7938	      12	   -47.1	17
20200221_20200316	0.7106	      24	   -51.1	18
20200221_20200328	0.6357	      36	   -45.0	19
20200221_20200409	0.6610	      48	   -35.8	20
20200304_20200316	0.7933	      12	    -4.0	21
20200304_20200328	0.7069	      24	     2.1	22
20200304_20200409	0.7094	      36	    11.3	23
20200316_20200328	0.8548	      12	     6.1	24
20200316_20200409	0.7881	      24	    15.3	25
20200316_20200503	0.4633	      48	    11.9	26
20200328_20200409	0.7980	      12	     9.2	27
20200328_20200503	0.4975	      36	     5.8	28
20200328_20200515	0.5814	      48	   -45.5	29
20200409_20200503	0.5392	      24	    -3.4	30
20200409_20200515	0.5859	      36	   -54.7	31
20200409_20200527	0.2542	      48	   -66.5	32
20200503_20200515	0.6320	      12	   -51.3	33
20200503_20200527	0.2704	      24	   -63.1	34
20200503_20200608	0.5051	      36	   -26.4	35
20200503_20200620	0.4103	      48	    61.0	36
20200515_20200527	0.2797	      12	   -11.8	37
20200515_20200608	0.5578	      24	    24.8	38
20200515_20200620	0.4460	      36	   112.3	39
20200515_20200702	0.4685	      48	    10.1	40
20200527_20200608	0.2959	      12	    36.6	41
20200527_20200620	0.2670	      24	   124.1	42
20200527_20200702	0.2798	      36	    21.9	43
20200527_20200714	0.2766	      48	   -12.5	44
20200608_20200620	0.6459	      12	    87.5	45
20200608_20200702	0.6289	      24	   -14.7	46
20200608_20200714	0.4948	      36	   -49.1	47
20200608_20200726	0.5184	      48	    66.5	48
20200620_20200702	0.6492	      12	  -102.2	49
20200620_20200714	0.5144	      24	  -136.6	50
20200620_20200726	0.5853	      36	   -20.9	51
20200620_20200807	0.5035	      48	   -71.0	52
20200702_20200714	0.6011	      12	   -34.4	53
20200702_20200726	0.6346	      24	    81.2	54
20200702_20200807	0.5507	      36	    31.2	55
20200702_20200819	0.5680	      48	    14.1	56
20200714_20200726	0.5931	      12	   115.6	57
20200714_20200807	0.6257	      24	    65.6	58
20200714_20200819	0.5315	      36	    48.5	59
20200714_20200831	0.5336	      48	    78.6	60
20200726_20200807	0.6600	      12	   -50.1	61
20200726_20200819	0.6770	      24	   -67.1	62
20200726_20200831	0.6761	      36	   -37.0	63
20200726_20200912	0.5523	      48	   -11.3	64
20200807_20200819	0.6212	      12	   -17.0	65
20200807_20200831	0.6487	      24	    13.1	66
20200807_20200912	0.6248	      36	    38.8	67
20200807_20200924	0.6073	      48	    37.6	68
20200819_20200831	0.7472	      12	    30.1	69
20200819_20200912	0.5693	      24	    55.9	70
20200819_20200924	0.6144	      36	    54.7	71
20200819_20201006	0.5338	      48	    88.9	72
20200831_20200912	0.6411	      12	    25.7	73
20200831_20200924	0.6945	      24	    24.6	74
20200831_20201006	0.5961	      36	    58.8	75
20200831_20201018	0.5706	      48	    26.4	76
20200912_20200924	0.7031	      12	    -1.2	77
20200912_20201006	0.6295	      24	    33.0	78
20200912_20201018	0.4883	      36	     0.6	79
20200912_20201030	0.4376	      48	    15.5	80
20200924_20201006	0.7124	      12	    34.2	81
20200924_20201018	0.5832	      24	     1.8	82
20200924_20201030	0.5111	      36	    16.7	83
20200924_20201111	0.4521	      48	    -5.1	84
20201006_20201018	0.6331	      12	   -32.4	85
20201006_20201030	0.5485	      24	   -17.5	86
20201006_20201111	0.4696	      36	   -39.3	87
20201006_20201123	0.4069	      48	  -114.0	88
20201018_20201030	0.8330	      12	    14.9	89
20201018_20201111	0.7222	      24	    -6.9	90
20201018_20201123	0.5855	      36	   -81.6	91
20201018_20201205	0.5891	      48	    14.1	92
20201030_20201111	0.8387	      12	   -21.8	93
20201030_20201123	0.6737	      24	   -96.5	94
20201030_20201205	0.6773	      36	    -0.8	95
20201030_20201217	0.6254	      48	    50.9	96
20201111_20201123	0.8153	      12	   -74.6	97
20201111_20201205	0.7762	      24	    21.1	98
20201111_20201217	0.7228	      36	    72.8	99
20201111_20201229	0.6894	      48	    60.9	100
20201123_20201205	0.7974	      12	    95.7	101
20201123_20201217	0.7306	      24	   147.4	102
20201123_20201229	0.6970	      36	   135.5	103
20201123_20210110	0.7252	      48	    63.2	104
20201205_20201217	0.7890	      12	    51.7	105
20201205_20201229	0.7785	      24	    39.8	106
20201205_20210110	0.7272	      36	   -32.4	107
20201205_20210122	0.6476	      48	   -83.4	108
20201217_20201229	0.8674	      12	   -11.9	109
20201217_20210110	0.7897	      24	   -84.2	110
20201217_20210122	0.6000	      36	  -135.1	111
20201217_20210203	0.7195	      48	  -102.6	112
20201229_20210110	0.8340	      12	   -72.3	113
20201229_20210122	0.6440	      24	  -123.2	114
20201229_20210203	0.7523	      36	   -90.7	115
20201229_20210215	0.7160	      48	   -58.0	116
20210110_20210122	0.6825	      12	   -50.9	117
20210110_20210203	0.8197	      24	   -18.4	118
20210110_20210215	0.7507	      36	    14.3	119
20210110_20210227	0.7731	      48	    37.8	120
20210122_20210203	0.7151	      12	    32.5	121
20210122_20210215	0.6670	      24	    65.2	122
20210122_20210227	0.6061	      36	    88.7	123
20210122_20210311	0.5898	      48	    75.5	124
20210203_20210215	0.7846	      12	    32.7	125
20210203_20210227	0.7740	      24	    56.2	126
20210203_20210311	0.7148	      36	    43.0	127
20210203_20210323	0.7434	      48	   -45.3	128
20210215_20210227	0.7907	      12	    23.5	129
20210215_20210311	0.7567	      24	    10.3	130
20210215_20210323	0.6842	      36	   -78.0	131
20210215_20210404	0.6280	      48	  -109.0	132
20210227_20210311	0.8507	      12	   -13.2	133
20210227_20210323	0.7924	      24	  -101.6	134
20210227_20210404	0.7140	      36	  -132.5	135
20210227_20210416	0.6856	      48	  -105.4	136
20210311_20210323	0.7876	      12	   -88.3	137
20210311_20210404	0.6959	      24	  -119.3	138
20210311_20210416	0.6847	      36	   -92.2	139
20210311_20210428	0.6522	      48	  -103.5	140
20210323_20210404	0.8604	      12	   -31.0	141
20210323_20210416	0.8219	      24	    -3.9	142
20210323_20210428	0.7892	      36	   -15.2	143
20210323_20210510	0.4436	      48	   111.3	144
20210404_20210416	0.8274	      12	    27.1	145
20210404_20210428	0.8263	      24	    15.7	146
20210404_20210510	0.4238	      36	   142.2	147
20210404_20210522	0.5221	      48	    86.4	148
20210404_20220411	0.3055	     372	    33.7	149
20210416_20210428	0.8275	      12	   -11.3	150
20210416_20210510	0.4908	      24	   115.1	151
20210416_20210522	0.6002	      36	    59.3	152
20210416_20210603	0.3959	      48	     1.3	153
20210428_20210510	0.4657	      12	   126.5	154
20210428_20210522	0.5624	      24	    70.7	155
20210428_20210603	0.3780	      36	    12.6	156
20210428_20210615	0.4168	      48	    66.6	157
20210510_20210522	0.6340	      12	   -55.8	158
20210510_20210603	0.4705	      24	  -113.8	159
20210510_20210615	0.5483	      36	   -59.8	160
20210510_20210627	0.4929	      48	   -74.7	161
20210522_20210603	0.4658	      12	   -58.0	162
20210522_20210615	0.6535	      24	    -4.0	163
20210522_20210627	0.5241	      36	   -18.8	164
20210522_20210709	0.4895	      48	    16.8	165
20210603_20210615	0.5427	      12	    54.0	166
20210603_20210627	0.5332	      24	    39.2	167
20210603_20210709	0.4869	      36	    74.8	168
20210603_20210721	0.4497	      48	    45.5	169
20210615_20210627	0.6953	      12	   -14.8	170
20210615_20210709	0.6234	      24	    20.8	171
20210615_20210721	0.6458	      36	    -8.5	172
20210615_20210802	0.6158	      48	     6.1	173
20210627_20210709	0.7211	      12	    35.6	174
20210627_20210721	0.6822	      24	     6.4	175
20210627_20210802	0.6064	      36	    20.9	176
20210627_20210814	0.6056	      48	    -0.5	177
20210709_20210721	0.6814	      12	   -29.3	178
20210709_20210802	0.6151	      24	   -14.8	179
20210709_20210814	0.6255	      36	   -36.2	180
20210709_20210826	0.4690	      48	   -14.1	181
20210721_20210802	0.8329	      12	    14.5	182
20210721_20210814	0.6142	      24	    -6.9	183
20210721_20210826	0.4383	      36	    15.2	184
20210721_20210907	0.4474	      48	   -10.9	185
20210802_20210814	0.6109	      12	   -21.4	186
20210802_20210826	0.4348	      24	     0.7	187
20210802_20210907	0.4334	      36	   -25.4	188
20210802_20210919	0.6907	      48	    -8.1	189
20210814_20210826	0.5900	      12	    22.1	190
20210814_20210907	0.5899	      24	    -3.9	191
20210814_20210919	0.5396	      36	    13.3	192
20210814_20211001	0.4934	      48	    46.6	193
20210826_20210907	0.6582	      12	   -26.0	194
20210826_20210919	0.4314	      24	    -8.8	195
20210826_20211001	0.3980	      36	    24.5	196
20210826_20211013	0.3794	      48	   -22.1	197
20210907_20210919	0.4699	      12	    17.2	198
20210907_20211001	0.4219	      24	    50.5	199
20210907_20211013	0.4161	      36	     4.0	200
20210907_20211025	0.3779	      48	    83.4	201
20210919_20211001	0.7816	      12	    33.3	202
20210919_20211013	0.7193	      24	   -13.2	203
20210919_20211025	0.6881	      36	    66.2	204
20210919_20211106	0.6079	      48	    31.5	205
20210919_20220902	0.3544	     348	   127.1	206
20211001_20211013	0.8390	      12	   -46.5	207
20211001_20211025	0.7593	      24	    32.9	208
20211001_20211106	0.6664	      36	    -1.8	209
20211001_20211118	0.5965	      48	    60.1	210
20211013_20211025	0.7684	      12	    79.4	211
20211013_20211106	0.7116	      24	    44.8	212
20211013_20211118	0.6322	      36	   106.6	213
20211013_20211130	0.4416	      48	    48.0	214
20211013_20221020	0.4533	     372	   -72.6	215
20211025_20211106	0.7515	      12	   -34.7	216
20211025_20211118	0.7057	      24	    27.2	217
20211025_20211130	0.5063	      36	   -31.4	218
20211025_20211212	0.4973	      48	   -50.6	219
20211106_20211118	0.8773	      12	    61.9	220
20211106_20211130	0.5842	      24	     3.2	221
20211106_20211212	0.6166	      36	   -15.9	222
20211118_20211130	0.5700	      12	   -58.6	223
20211118_20211212	0.5977	      24	   -77.8	224
20211118_20220105	0.6295	      48	   -56.1	225
20211130_20211212	0.6814	      12	   -19.1	226
20211130_20220105	0.5386	      36	     2.5	227
20211130_20220117	0.4608	      48	    -0.1	228
20211212_20220105	0.6890	      24	    21.7	229
20211212_20220117	0.5975	      36	    19.1	230
20211212_20220129	0.5941	      48	     9.6	231
20220105_20220117	0.7738	      12	    -2.6	232
20220105_20220129	0.7337	      24	   -12.1	233
20220105_20220210	0.7176	      36	   -49.9	234
20220105_20220222	0.6271	      48	    -5.7	235
20220117_20220129	0.8268	      12	    -9.5	236
20220117_20220210	0.6589	      24	   -47.3	237
20220117_20220222	0.6953	      36	    -3.1	238
20220117_20220306	0.6587	      48	   -32.9	239
20220129_20220210	0.7401	      12	   -37.9	240
20220129_20220222	0.7236	      24	     6.4	241
20220129_20220306	0.6981	      36	   -23.4	242
20220129_20220318	0.6060	      48	    32.3	243
20220210_20220222	0.6864	      12	    44.3	244
20220210_20220306	0.7511	      24	    14.5	245
20220210_20220318	0.6159	      36	    70.2	246
20220210_20220330	0.5746	      48	    13.4	247
20220222_20220306	0.6849	      12	   -29.8	248
20220222_20220318	0.5850	      24	    25.9	249
20220222_20220330	0.5224	      36	   -30.9	250
20220222_20220411	0.3404	      48	   -78.2	251
20220306_20220318	0.7404	      12	    55.7	252
20220306_20220330	0.6457	      24	    -1.0	253
20220306_20220411	0.3478	      36	   -48.4	254
20220306_20220423	0.4427	      48	     3.7	255
20220318_20220330	0.7422	      12	   -56.7	256
20220318_20220411	0.3477	      24	  -104.1	257
20220318_20220423	0.4775	      36	   -52.0	258
20220318_20220505	0.4266	      48	  -230.6	259
20220330_20220411	0.4088	      12	   -47.4	260
20220330_20220423	0.5956	      24	     4.8	261
20220330_20220505	0.5243	      36	  -173.8	262
20220330_20220517	0.4335	      48	  -131.0	263
20220411_20220423	0.4608	      12	    52.2	264
20220411_20220505	0.4010	      24	  -126.4	265
20220411_20220517	0.3776	      36	   -83.6	266
20220423_20220505	0.5909	      12	  -178.6	267
20220423_20220517	0.5147	      24	  -135.8	268
20220423_20220610	0.3792	      48	    85.1	269
20220423_20230406	0.4280	     348	    37.1	270
20220505_20220517	0.5739	      12	    42.8	271
20220505_20220610	0.3454	      36	   263.7	272
20220517_20220610	0.4744	      24	   220.9	273
20220517_20220809	0.3998	      84	   147.1	274
20220610_20220809	0.4428	      60	   -73.8	275
20220809_20220821	0.8247	      12	    37.6	276
20220809_20220902	0.5097	      24	   110.1	277
20220809_20220914	0.5410	      36	    62.8	278
20220809_20220926	0.6084	      48	   -46.1	279
20220821_20220902	0.5390	      12	    72.5	280
20220821_20220914	0.5690	      24	    25.1	281
20220821_20220926	0.6153	      36	   -83.7	282
20220821_20221008	0.5007	      48	   -63.2	283
20220902_20220914	0.6667	      12	   -47.3	284
20220902_20220926	0.5313	      24	  -156.2	285
20220902_20221008	0.5418	      36	  -135.7	286
20220902_20221020	0.3872	      48	  -212.9	287
20220914_20220926	0.6414	      12	  -108.9	288
20220914_20221008	0.6640	      24	   -88.4	289
20220914_20221020	0.4385	      36	  -165.6	290
20220914_20221101	0.4195	      48	  -122.5	291
20220926_20221008	0.6796	      12	    20.5	292
20220926_20221020	0.6086	      24	   -56.7	293
20220926_20221101	0.5737	      36	   -13.6	294
20220926_20221113	0.4934	      48	    34.3	295
20221008_20221020	0.5068	      12	   -77.2	296
20221008_20221101	0.4792	      24	   -34.1	297
20221008_20221113	0.4375	      36	    13.8	298
20221008_20221125	0.3633	      48	   231.0	299
20221020_20221101	0.8429	      12	    43.1	300
20221020_20221113	0.6894	      24	    91.0	301
20221020_20221125	0.5302	      36	   308.2	302
20221020_20221207	0.5536	      48	   194.5	303
20221101_20221113	0.7944	      12	    47.9	304
20221101_20221125	0.5997	      24	   265.1	305
20221101_20221207	0.6316	      36	   151.4	306
20221113_20221125	0.7339	      12	   217.2	307
20221113_20221207	0.7837	      24	   103.5	308
20221113_20221231	0.6514	      48	    20.2	309
20221125_20221207	0.8581	      12	  -113.8	310
20221125_20221231	0.6079	      36	  -197.1	311
20221125_20230112	0.5548	      48	  -349.7	312
20221207_20221231	0.6980	      24	   -83.3	313
20221207_20230112	0.6430	      36	  -235.9	314
20221207_20230124	0.7423	      48	   -30.8	315
20221231_20230112	0.6952	      12	  -152.6	316
20221231_20230124	0.6747	      24	    52.5	317
20221231_20230205	0.6835	      36	    60.4	318
20221231_20230217	0.6651	      48	   -60.8	319
20230112_20230124	0.6877	      12	   205.1	320
20230112_20230205	0.6639	      24	   213.0	321
20230112_20230217	0.7463	      36	    91.8	322
20230112_20230301	0.5384	      48	   142.7	323
20230124_20230205	0.8220	      12	     8.0	324
20230124_20230217	0.7942	      24	  -113.3	325
20230124_20230301	0.5735	      36	   -62.4	326
20230124_20230313	0.5420	      48	  -205.6	327
20230205_20230217	0.7836	      12	  -121.3	328
20230205_20230301	0.6072	      24	   -70.4	329
20230205_20230313	0.5690	      36	  -213.6	330
20230205_20230325	0.6572	      48	   -74.0	331
20230217_20230301	0.6562	      12	    50.9	332
20230217_20230313	0.6785	      24	   -92.3	333
20230217_20230325	0.7347	      36	    47.3	334
20230217_20230406	0.7188	      48	    78.2	335
20230301_20230313	0.5982	      12	  -143.2	336
20230301_20230325	0.6485	      24	    -3.6	337
20230301_20230406	0.6069	      36	    27.3	338
20230301_20230418	0.4595	      48	  -110.8	339
20230313_20230325	0.6682	      12	   139.6	340
20230313_20230406	0.6020	      24	   170.5	341
20230313_20230418	0.5855	      36	    32.5	342
20230313_20230430	0.3815	      48	   195.5	343
20230325_20230406	0.8313	      12	    30.9	344
20230325_20230418	0.6531	      24	  -107.1	345
20230325_20230430	0.4743	      36	    56.0	346
20230406_20230418	0.6899	      12	  -138.0	347
20230406_20230430	0.4968	      24	    25.1	348
20230406_20230524	0.5721	      48	  -112.6	349
20230418_20230430	0.4894	      12	   163.1	350
20230418_20230524	0.6542	      36	    25.4	351
20230430_20230524	0.4917	      24	  -137.7	352
20230430_20230617	0.5070	      48	    10.1	353
20230524_20230617	0.5256	      24	   147.8	354
20230524_20230711	0.3817	      48	   123.5	355
20230617_20230711	0.5637	      24	   -24.3	356
20230617_20230804	0.5155	      48	    93.6	357
20230711_20230804	0.5991	      24	   117.9	358
20230711_20230816	0.5406	      36	   -36.6	359
20230804_20230816	0.6160	      12	  -154.5	360
20230804_20230909	0.5933	      36	  -117.9	361
20230804_20230921	0.5609	      48	  -127.1	362
20230816_20230909	0.7170	      24	    36.6	363
20230816_20230921	0.6622	      36	    27.4	364
20230816_20231003	0.6678	      48	   -13.2	365
20230909_20230921	0.7691	      12	    -9.2	366
20230909_20231003	0.6658	      24	   -49.7	367
20230909_20231015	0.5967	      36	    -3.3	368
20230909_20231027	0.5315	      48	    -5.6	369
20230921_20231003	0.6914	      12	   -40.5	370
20230921_20231015	0.6313	      24	     5.9	371
20230921_20231027	0.5971	      36	     3.6	372
20230921_20231108	0.4166	      48	  -195.6	373
20231003_20231015	0.6731	      12	    46.4	374
20231003_20231027	0.5827	      24	    44.2	375
20231003_20231108	0.5115	      36	  -155.2	376
20231003_20231120	0.5330	      48	    75.7	377
20231015_20231027	0.6402	      12	    -2.3	378
20231015_20231108	0.4974	      24	  -201.8	379
20231015_20231120	0.5476	      36	    29.3	380
20231015_20231202	0.4948	      48	    31.4	381
20231027_20231108	0.5442	      12	  -199.6	382
20231027_20231120	0.5524	      24	    31.6	383
20231027_20231202	0.5079	      36	    33.6	384
20231027_20231214	0.4371	      48	    90.2	385
20231108_20231120	0.6128	      12	   230.9	386
20231108_20231202	0.5784	      24	   233.0	387
20231108_20231214	0.4880	      36	   289.7	388
20231108_20231226	0.5159	      48	   158.7	389
20231120_20231202	0.8524	      12	     2.1	390
20231120_20231214	0.6701	      24	    58.6	391
20231120_20231226	0.5930	      36	   -72.5	392
20231120_20240107	0.5595	      48	   -58.3	393
20231202_20231214	0.7707	      12	    56.6	394
20231202_20231226	0.6950	      24	   -74.6	395
20231202_20240107	0.6476	      36	   -60.3	396
20231202_20240119	0.5880	      48	   -95.9	397
20231214_20231226	0.7320	      12	  -131.2	398
20231214_20240107	0.6806	      24	  -116.9	399
20231214_20240119	0.6054	      36	  -152.5	400
20231214_20240131	0.6355	      48	  -107.4	401
20231226_20240107	0.8925	      12	    14.3	402
20231226_20240119	0.8165	      24	   -21.3	403
20231226_20240131	0.7871	      36	    23.8	404
20231226_20240212	0.7693	      48	    24.0	405
20240107_20240119	0.8669	      12	   -35.6	406
20240107_20240131	0.8382	      24	     9.6	407
20240107_20240212	0.7956	      36	     9.7	408
20240107_20240224	0.6771	      48	    73.9	409
20240119_20240131	0.8218	      12	    45.2	410
20240119_20240212	0.7585	      24	    45.3	411
20240119_20240224	0.6485	      36	   109.5	412
20240119_20240307	0.6840	      48	   -39.2	413
20240131_20240212	0.8746	      12	     0.1	414
20240131_20240224	0.7217	      24	    64.3	415
20240131_20240307	0.6765	      36	   -84.3	416
20240131_20240319	0.6446	      48	   -71.2	417
20240212_20240224	0.7762	      12	    64.2	418
20240212_20240307	0.7165	      24	   -84.4	419
20240212_20240319	0.6741	      36	   -71.3	420
20240212_20240331	0.6136	      48	     1.2	421
20240224_20240307	0.7115	      12	  -148.6	422
20240224_20240319	0.6545	      24	  -135.5	423
20240224_20240331	0.6013	      36	   -63.0	424
20240307_20240319	0.8585	      12	    13.1	425
20240307_20240331	0.6423	      24	    85.6	426
20240319_20240331	0.7086	      12	    72.5	427
20240331_20240424	0.4724	      24	     7.6	428
20240331_20240506	0.4067	      36	   213.2	429
20240331_20240518	0.4581	      48	   185.7	430
20240331_20250326	0.3453	     360	   -59.7	431
20240424_20240506	0.4088	      12	   205.7	432
20240424_20240518	0.4276	      24	   178.1	433
20240424_20240611	0.3676	      48	    63.6	434
20240506_20240518	0.6267	      12	   -27.5	435
20240506_20240611	0.4897	      36	  -142.1	436
20240518_20240611	0.5449	      24	  -114.5	437
20240518_20240705	0.5190	      48	   -24.5	438
20240611_20240705	0.6099	      24	    90.1	439
20240611_20240729	0.5358	      48	   -31.5	440
20240705_20240729	0.5742	      24	  -121.6	441
20240705_20240822	0.5379	      48	  -154.3	442
20240729_20240822	0.5758	      24	   -32.7	443
20240729_20240903	0.5114	      36	  -165.5	444
20240729_20240915	0.5620	      48	    25.4	445
20240822_20240903	0.7506	      12	  -132.8	446
20240822_20240915	0.6747	      24	    58.1	447
20240822_20240927	0.6406	      36	  -199.5	448
20240822_20241009	0.6392	      48	    77.3	449
20240903_20240915	0.6700	      12	   190.9	450
20240903_20240927	0.7760	      24	   -66.7	451
20240903_20241009	0.6021	      36	   210.1	452
20240903_20241021	0.5741	      48	   105.6	453
20240915_20240927	0.6253	      12	  -257.6	454
20240915_20241009	0.7016	      24	    19.2	455
20240915_20241021	0.5415	      36	   -85.3	456
20240915_20241102	0.5808	      48	     4.7	457
20240927_20241009	0.6614	      12	   276.9	458
20240927_20241021	0.6193	      24	   172.4	459
20240927_20241102	0.5409	      36	   262.4	460
20240927_20241114	0.4627	      48	   262.6	461
20241009_20241021	0.6379	      12	  -104.5	462
20241009_20241102	0.6567	      24	   -14.5	463
20241009_20241114	0.5371	      36	   -14.2	464
20241009_20241126	0.4381	      48	  -127.2	465
20241021_20241102	0.7937	      12	    90.0	466
20241021_20241114	0.7177	      24	    90.3	467
20241021_20241126	0.6618	      36	   -22.7	468
20241021_20241208	0.5684	      48	    84.2	469
20241102_20241114	0.8141	      12	     0.3	470
20241102_20241126	0.6282	      24	  -112.7	471
20241102_20241208	0.6075	      36	    -5.8	472
20241102_20241220	0.5603	      48	   -43.8	473
20241114_20241126	0.7347	      12	  -113.0	474
20241114_20241208	0.7313	      24	    -6.1	475
20241114_20241220	0.6713	      36	   -44.1	476
20241114_20250101	0.6180	      48	    52.8	477
20241126_20241208	0.6813	      12	   106.8	478
20241126_20241220	0.6726	      24	    68.9	479
20241126_20250101	0.5864	      36	   165.8	480
20241126_20250113	0.5886	      48	   121.0	481
20241208_20241220	0.7869	      12	   -37.9	482
20241208_20250101	0.6965	      24	    58.9	483
20241208_20250113	0.6957	      36	    14.2	484
20241208_20250125	0.6835	      48	   -18.1	485
20241220_20250101	0.8309	      12	    96.9	486
20241220_20250113	0.7990	      24	    52.1	487
20241220_20250125	0.7921	      36	    19.8	488
20241220_20250206	0.7954	      48	     7.9	489
20250101_20250113	0.8680	      12	   -44.7	490
20250101_20250125	0.7805	      24	   -77.1	491
20250101_20250206	0.7396	      36	   -89.0	492
20250101_20250218	0.6474	      48	  -260.5	493
20250113_20250125	0.8277	      12	   -32.3	494
20250113_20250206	0.7781	      24	   -44.3	495
20250113_20250218	0.6919	      36	  -215.7	496
20250113_20250302	0.6514	      48	   -86.3	497
20250125_20250206	0.8439	      12	   -11.9	498
20250125_20250218	0.7061	      24	  -183.4	499
20250125_20250302	0.6742	      36	   -53.7	500
20250125_20250314	0.6913	      48	   -27.3	501
20250206_20250218	0.7276	      12	  -171.7	502
20250206_20250302	0.6718	      24	   -41.6	503
20250206_20250314	0.7192	      36	   -15.5	504
20250206_20250326	0.4848	      48	   -93.7	505
20250218_20250302	0.6644	      12	   130.0	506
20250218_20250314	0.6429	      24	   156.1	507
20250218_20250326	0.4943	      36	    77.9	508
20250218_20250407	0.5983	      48	   144.0	509
20250302_20250314	0.7100	      12	    26.2	510
20250302_20250326	0.4421	      24	   -51.9	511
20250302_20250407	0.6167	      36	    14.1	512
20250302_20250419	0.5302	      48	    11.2	513
20250314_20250326	0.5337	      12	   -78.3	514
20250314_20250407	0.7212	      24	   -12.1	515
20250314_20250419	0.5903	      36	   -15.0	516
20250314_20250501	0.4463	      48	    56.1	517
20250326_20250407	0.6044	      12	    66.2	518
20250326_20250419	0.5061	      24	    63.3	519
20250326_20250501	0.4021	      36	   134.3	520
20250326_20250513	0.3403	      48	   233.0	521
20250407_20250419	0.7306	      12	    -2.9	522
20250407_20250501	0.5033	      24	    68.2	523
20250407_20250513	0.4363	      36	   166.9	524
20250407_20250525	0.3990	      48	   206.7	525
20250419_20250501	0.6364	      12	    71.0	526
20250419_20250513	0.5118	      24	   169.8	527
20250419_20250525	0.4789	      36	   209.6	528
20250419_20250606	0.4971	      48	   144.1	529
20250501_20250513	0.5432	      12	    98.7	530
20250501_20250525	0.5658	      24	   138.5	531
20250501_20250606	0.4970	      36	    73.0	532
20250513_20250525	0.6378	      12	    39.8	533
20250513_20250606	0.5974	      24	   -25.7	534
20250513_20250630	0.5381	      48	   -35.7	535
20250525_20250606	0.6509	      12	   -65.5	536
20250525_20250630	0.5887	      36	   -75.5	537
20250525_20250712	0.5250	      48	   -38.3	538
20250606_20250630	0.6689	      24	   -10.0	539
20250606_20250712	0.5662	      36	    27.2	540
20250606_20250724	0.5526	      48	   -41.6	541
20250630_20250712	0.7370	      12	    37.2	542
20250630_20250724	0.6987	      24	   -31.6	543
20250630_20250805	0.5886	      36	   -62.6	544
20250630_20250811	0.5186	      42	  -142.5	545
20250712_20250724	0.7445	      12	   -68.8	546
20250712_20250805	0.6275	      24	   -99.9	547
20250712_20250811	0.5524	      30	  -179.8	548
20250712_20250823	0.5398	      42	  -154.3	549
20250712_20250829	0.4488	      48	  -231.8	550
20250724_20250805	0.7646	      12	   -31.1	551
20250724_20250811	0.6212	      18	  -110.9	552
20250724_20250823	0.5907	      30	   -85.5	553
20250724_20250829	0.4800	      36	  -162.9	554
20250724_20250904	0.5555	      42	  -282.8	555
20250805_20250811	0.6746	       6	   -80.4	556
20250805_20250823	0.6437	      18	   -54.8	557
20250805_20250829	0.5149	      24	  -132.4	558
20250805_20250904	0.5709	      30	  -252.3	559
20250805_20250916	0.5186	      42	  -161.8	560
20250811_20250823	0.7511	      12	    25.6	561
20250811_20250829	0.6342	      18	   -51.7	562
20250811_20250904	0.6171	      24	  -171.6	563
20250811_20250916	0.6290	      36	   -81.2	564
20250811_20250928	0.6180	      48	   -81.0	565
20250823_20250829	0.6786	       6	   -77.3	566
20250823_20250904	0.6391	      12	  -197.1	567
20250823_20250916	0.6717	      24	  -106.8	568
20250823_20250928	0.6217	      36	  -106.5	569
20250823_20251010	0.5334	      48	   -49.3	570
20250829_20250904	0.6019	       6	  -120.0	571
20250829_20250916	0.6843	      18	   -29.6	572
20250829_20250928	0.6148	      30	   -29.5	573
20250829_20251010	0.4877	      42	    27.9	574
20250904_20250916	0.6494	      12	    90.4	575
20250904_20250928	0.6890	      24	    90.6	576
20250904_20251010	0.6118	      36	   147.8	577
20250904_20251022	0.5004	      48	   187.5	578
20250916_20250928	0.7588	      12	     0.2	579
20250916_20251010	0.5530	      24	    57.5	580
20250916_20251022	0.4635	      36	    97.2	581
20250916_20251103	0.3242	      48	   111.2	582
20250928_20251010	0.6621	      12	    57.3	583
20250928_20251022	0.5357	      24	    96.9	584
20250928_20251103	0.3403	      36	   111.0	585
20250928_20251115	0.4398	      48	    37.1	586
20251010_20251022	0.8033	      12	    39.7	587
20251010_20251103	0.3533	      24	    53.7	588
20251010_20251115	0.6023	      36	   -20.2	589
20251022_20251103	0.3618	      12	    14.0	590
20251022_20251115	0.6803	      24	   -59.9	591
20251103_20251115	0.3475	      12	   -73.9	592
